 4.007320235E+04  4.479103764E+03  6.679050131E+03  1.233785779E+04  5.591122335E+02  9.183203144E+03  3.737036027E+03  9.834817014E+03  8.784049830E+02  1.439027066E+03  3.524213664E+03 -2.805877660E+04 -5.720350284E+03 -6.679091598E+03  1.016871221E+02  7.521575304E+03 -2.171191868E+03  1.064345832E+03 -1.267486649E+03 -5.808792815E+03  1.664889926E+03  8.396147968E+02 -1.781418116E+03 -6.946785405E+03  2.028251432E+03  3.450054056E+03 -8.927653066E+02 -7.053421218E+02 -1.918879033E+03 -4.861122554E+03  1.724056678E+03  2.313754942E+03 -7.517691134E+02 -7.103154337E+02 -1.239524180E+03  2.777399518E+03  1.477740201E+03 -1.736048663E+03  2.227366257E+02 -5.389927631E+02  2.137528925E+00 -5.808528906E+03 -2.091199246E+02 -4.341725218E+02  3.007041065E+03  3.992132425E+03 -1.229621311E+04 -6.265972749E+03  2.593789250E+03  3.593328064E+03  3.057099664E+03 -1.774799585E+04 -4.312393182E+03  1.685373630E+03  1.581226252E+03 -3.311794129E+02 -1.706150683E+03
 4.479103764E+03  2.542004100E+04  2.675749105E+03 -7.291789191E+02  9.088113565E+03  1.702969881E+04  9.834720184E+03  3.737036027E+03  8.766390310E+02  3.522422529E+03  8.641942814E+02 -2.369408883E+04  6.679066125E+03 -4.955176625E+03  1.261926759E+03 -2.175102163E+03 -1.792535948E+03  1.236141430E+04 -5.808520113E+03 -2.204411597E+00 -2.073577817E+02  3.007074845E+03 -4.341848776E+02 -8.306296915E+03  3.450120851E+03  3.396098439E+03 -1.273259895E+03 -1.654391558E+03 -1.609843697E+03 -4.861140338E+03  2.313747457E+03  1.724069529E+03 -7.517667980E+02 -1.239519482E+03 -7.103205089E+02 -1.477822887E+03 -1.190944094E+04 -3.190507077E+02 -1.446513653E+03  7.286555160E+03 -5.808697086E+03  1.267580069E+03  1.664863528E+03 -1.779644805E+03 -2.223751619E+01 -3.426350095E+04 -2.415256845E+03 -1.369021604E+03  1.260796834E+03  7.826343883E+02 -1.400486016E+03 -1.774837402E+04  1.685839878E+03 -4.312793196E+03  1.581435817E+03 -1.706588519E+03 -3.309245347E+02
 6.679050131E+03  2.675749105E+03  2.312819368E+03  1.721053360E+03  7.399296271E+02 -3.503288800E+03  8.766390310E+02  8.784049830E+02  2.412604052E+02  6.594040127E+02  6.594086130E+02 -6.482046964E+03  1.016886039E+02 -1.261895533E+03 -1.108578459E+02  6.568892156E+02 -5.495204067E+02  4.406795265E+03 -1.664831022E+03 -2.091671935E+02  2.916040243E-01  6.840548087E+02 -2.550004555E+02 -2.952953463E+03  8.927247480E+02  1.273173724E+03 -3.293002097E+02 -3.066937405E+02 -6.304360434E+02 -1.945496131E+03  7.517257599E+02  7.517360379E+02 -2.619214994E+02 -3.317317229E+02 -3.317381648E+02  1.736023521E+03 -3.190455215E+02 -9.902471187E+02  1.847457775E+02  3.044885294E+02 -2.073862836E+02 -1.664853684E+03 -2.789227520E-01 -2.549928266E+02  6.840583570E+02  5.744063333E+03 -5.692192842E+03 -2.997545575E+03  6.689589245E+02  2.008300323E+03  1.155282053E+03 -3.364910677E+03 -1.069741519E+03 -1.069776472E+03  3.096812502E+02 -6.234998296E+01 -6.230372113E+01
 1.233785779E+04 -7.291789191E+02  1.721053360E+03  6.147537942E+03 -5.052907578E+02  1.963352890E+03  8.641942814E+02  3.524213664E+03  6.594086130E+02  3.688108433E+02  1.185175343E+03 -5.175467171E+03 -7.521988404E+03 -2.175091255E+03 -6.569384582E+02  5.333594242E+03 -8.631490364E+02 -8.408153403E+02 -2.218226977E+01 -3.007271799E+03  6.840811764E+02  8.682939054E+01 -9.340499158E+02 -3.233258450E+03  7.053294139E+02  1.654293035E+03 -3.067021542E+02 -1.724713702E+02 -9.356696108E+02 -2.457332286E+03  7.102867902E+02  1.239481863E+03 -3.317404456E+02 -2.312130163E+02 -6.890780222E+02  2.227241826E+02  1.446499101E+03 -1.847525326E+02  6.908761602E+01 -7.731633521E+02  4.341693710E+02 -1.781355905E+03 -2.549868061E+02 -4.775644722E-04  9.339956484E+02  8.913819217E+03 -3.523000696E+03 -4.802348952E+03  4.871173339E+02  5.258481921E+02  2.549696274E+03 -2.429118422E+03 -3.372995836E+03 -1.079447213E+02  8.258215364E+02  2.107405991E+01 -2.011322141E+02
 5.591122335E+02  9.088113565E+03  7.399296271E+02 -5.052907578E+02  4.227609140E+03  5.510719165E+03  3.522422529E+03  1.439027066E+03  6.594040127E+02  1.183578863E+03  3.688108433E+02 -6.672072266E+03  2.171226120E+03 -1.792539503E+03  5.495462967E+02 -8.631766822E+02 -6.765878002E+02  3.759574057E+03 -1.779604200E+03  4.341548961E+02 -2.549858886E+02  9.332142434E+02 -3.886776123E-03 -4.428691184E+03  1.918862180E+03  1.609803344E+03 -6.304618459E+02 -9.356973060E+02 -6.887113982E+02 -2.457359685E+03  1.239481379E+03  7.103000306E+02 -3.317400669E+02 -6.890761107E+02 -2.312180543E+02 -5.390698177E+02 -7.286661046E+03 -3.044992047E+02 -7.731862592E+02  3.928473245E+03 -3.007223810E+03  8.396566746E+02  6.840721952E+02 -9.332462464E+02 -8.686520129E+01 -1.408315855E+04 -1.424732064E+03 -1.148056145E+03  2.720689724E+02  6.606853708E+02 -8.954045693E+02 -2.429200968E+03 -1.078900715E+02 -3.373101605E+03  8.259164288E+02 -2.012012735E+02  2.109962561E+01
 9.183203144E+03  1.702969881E+04 -3.503288800E+03  1.963352890E+03  5.510719165E+03  2.493326557E+05  5.209259304E+04  3.628875809E+04  4.479103764E+03  1.474959508E+04  2.726641631E+03 -9.614088396E+03  1.064522412E+03 -1.236164171E+04  4.406857085E+03  8.407387889E+02 -3.759638101E+03  8.564241183E+03 -1.417154566E+04 -5.275348023E+03  7.881034960E+02  1.043444648E+04 -3.231703359E+03 -1.108198240E+04  4.861389228E+03  4.861380014E+03 -1.945721040E+03 -2.457577993E+03 -2.457577096E+03 -1.770053384E+04  8.306663858E+03  6.947242705E+03 -2.953326676E+03 -4.429035513E+03 -3.233636606E+03 -1.236186990E+04 -6.781442751E+03  4.406948287E+03 -3.763982880E+03  4.383677324E+03 -2.369409440E+04  2.805814205E+04  6.482027067E+03 -6.672063161E+03 -5.175296185E+03 -8.824094904E+04  8.760015217E+03  8.762384257E+03  2.501274887E+03 -7.806946396E+03 -7.808901919E+03 -1.148543509E+05  1.114064544E+04 -3.148466710E+02  3.147102546E+03 -7.565679752E+03 -2.182048427E+03
 3.737036027E+03  9.834720184E+03  8.766390310E+02  8.641942814E+02  3.522422529E+03  5.209259304E+04  2.542004100E+04  4.479103764E+03  2.675749105E+03  9.088113565E+03 -7.291789191E+02 -6.781598746E+03  1.267580069E+03 -5.808697086E+03  1.664863528E+03 -2.223751619E+01 -1.779644805E+03  1.417129366E+04 -1.190944094E+04 -1.477822887E+03 -3.190507077E+02  7.286555160E+03 -1.446513653E+03 -4.861140338E+03  1.724069529E+03  2.313747457E+03 -7.517667980E+02 -7.103205089E+02 -1.239519482E+03 -8.306296915E+03  3.396098439E+03  3.450120851E+03 -1.273259895E+03 -1.609843697E+03 -1.654391558E+03 -2.204411597E+00 -5.808520113E+03 -2.073577817E+02 -4.341848776E+02  3.007074845E+03 -4.955176625E+03  6.679066125E+03  1.261926759E+03 -1.792535948E+03 -2.175102163E+03 -1.774837402E+04 -4.312793196E+03  1.685839878E+03  1.581435817E+03 -3.309245347E+02 -1.706588519E+03 -3.426350095E+04 -1.369021604E+03 -2.415256845E+03  1.260796834E+03 -1.400486016E+03  7.826343883E+02
 9.834817014E+03  3.737036027E+03  8.784049830E+02  3.524213664E+03  1.439027066E+03  3.628875809E+04  4.479103764E+03  4.007320235E+04  6.679050131E+03  5.591122335E+02  1.233785779E+04  1.236156943E+04 -5.808528906E+03  2.137528925E+00 -2.091199246E+02  3.007041065E+03 -4.341725218E+02 -5.275328510E+03  1.477740201E+03  2.777399518E+03 -1.736048663E+03 -5.389927631E+02  2.227366257E+02 -4.861122554E+03  2.313754942E+03  1.724056678E+03 -7.517691134E+02 -1.239524180E+03 -7.103154337E+02 -6.946785405E+03  3.450054056E+03  2.028251432E+03 -8.927653066E+02 -1.918879033E+03 -7.053421218E+02 -5.808792815E+03 -1.267486649E+03  1.664889926E+03 -1.781418116E+03  8.396147968E+02 -6.679091598E+03 -5.720350284E+03  1.016871221E+02 -2.171191868E+03  7.521575304E+03 -1.774799585E+04  1.685373630E+03 -4.312393182E+03  1.581226252E+03 -1.706150683E+03 -3.311794129E+02  3.992132425E+03 -6.265972749E+03 -1.229621311E+04  2.593789250E+03  3.057099664E+03  3.593328064E+03
 8.784049830E+02  8.766390310E+02  2.412604052E+02  6.594086130E+02  6.594040127E+02  4.479103764E+03  2.675749105E+03  6.679050131E+03  2.312819368E+03  7.399296271E+02  1.721053360E+03  4.406900344E+03 -1.664853684E+03 -2.073862836E+02 -2.789227520E-01  6.840583570E+02 -2.549928266E+02 -7.881666699E+02 -3.190455215E+02  1.736023521E+03 -9.902471187E+02  3.044885294E+02  1.847457775E+02 -1.945496131E+03  7.517360379E+02  7.517257599E+02 -2.619214994E+02 -3.317381648E+02 -3.317317229E+02 -2.952953463E+03  1.273173724E+03  8.927247480E+02 -3.293002097E+02 -6.304360434E+02 -3.066937405E+02 -2.091671935E+02 -1.664831022E+03  2.916040243E-01 -2.550004555E+02  6.840548087E+02 -1.261895533E+03  1.016886039E+02 -1.108578459E+02 -5.495204067E+02  6.568892156E+02 -3.364910677E+03 -1.069776472E+03 -1.069741519E+03  3.096812502E+02 -6.230372113E+01 -6.234998296E+01  5.744063333E+03 -2.997545575E+03 -5.692192842E+03  6.689589245E+02  1.155282053E+03  2.008300323E+03
 1.439027066E+03  3.522422529E+03  6.594040127E+02  3.688108433E+02  1.183578863E+03  1.474959508E+04  9.088113565E+03  5.591122335E+02  7.399296271E+02  4.227609140E+03 -5.052907578E+02 -4.383732570E+03  8.396566746E+02 -3.007223810E+03  6.840721952E+02 -8.686520129E+01 -9.332462464E+02  1.043432692E+04 -7.286661046E+03 -5.390698177E+02 -3.044992047E+02  3.928473245E+03 -7.731862592E+02 -2.457359685E+03  7.103000306E+02  1.239481379E+03 -3.317400669E+02 -2.312180543E+02 -6.890761107E+02 -4.428691184E+03  1.609803344E+03  1.918862180E+03 -6.304618459E+02 -6.887113982E+02 -9.356973060E+02  4.341548961E+02 -1.779604200E+03 -2.549858886E+02 -3.886776123E-03  9.332142434E+02 -1.792539503E+03  2.171226120E+03  5.495462967E+02 -6.765878002E+02 -8.631766822E+02 -2.429200968E+03 -3.373101605E+03 -1.078900715E+02  8.259164288E+02  2.109962561E+01 -2.012012735E+02 -1.408315855E+04 -1.148056145E+03 -1.424732064E+03  2.720689724E+02 -8.954045693E+02  6.606853708E+02
 3.524213664E+03  8.641942814E+02  6.594086130E+02  1.185175343E+03  3.688108433E+02  2.726641631E+03 -7.291789191E+02  1.233785779E+04  1.721053360E+03 -5.052907578E+02  6.147537942E+03  3.763913158E+03 -1.781355905E+03  4.341693710E+02 -2.549868061E+02  9.339956484E+02 -4.775644722E-04 -3.231735226E+03  1.446499101E+03  2.227241826E+02 -1.847525326E+02 -7.731633521E+02  6.908761602E+01 -2.457332286E+03  1.239481863E+03  7.102867902E+02 -3.317404456E+02 -6.890780222E+02 -2.312130163E+02 -3.233258450E+03  1.654293035E+03  7.053294139E+02 -3.067021542E+02 -9.356696108E+02 -1.724713702E+02 -3.007271799E+03 -2.218226977E+01  6.840811764E+02 -9.340499158E+02  8.682939054E+01 -2.175091255E+03 -7.521988404E+03 -6.569384582E+02 -8.631490364E+02  5.333594242E+03 -2.429118422E+03 -1.079447213E+02 -3.372995836E+03  8.258215364E+02 -2.011322141E+02  2.107405991E+01  8.913819217E+03 -4.802348952E+03 -3.523000696E+03  4.871173339E+02  2.549696274E+03  5.258481921E+02
-2.805877660E+04 -2.369408883E+04 -6.482046964E+03 -5.175467171E+03 -6.672072266E+03 -9.614088396E+03 -6.781598746E+03  1.236156943E+04  4.406900344E+03 -4.383732570E+03  3.763913158E+03  2.493326557E+05 -3.628875809E+04  5.209259304E+04 -4.479103764E+03  2.726641631E+03  1.474959508E+04 -9.932327795E+04  1.702969881E+04 -9.183203144E+03 -3.503288800E+03 -5.510719165E+03 -1.963352890E+03  8.564241183E+03  5.275348023E+03 -1.417154566E+04 -7.881034960E+02 -3.231703359E+03  1.043444648E+04  9.614088396E+03 -1.236164171E+04 -1.064522412E+03  4.406857085E+03  3.759638101E+03 -8.407387889E+02 -6.947242705E+03  8.306663858E+03  2.953326676E+03 -3.233636606E+03 -4.429035513E+03  4.861380014E+03 -4.861389228E+03 -1.945721040E+03  2.457577096E+03  2.457577993E+03 -1.148543509E+05  3.148466710E+02  1.114064544E+04 -3.147102546E+03 -2.182048427E+03 -7.565679752E+03  8.824094904E+04  8.762384257E+03 -8.760015217E+03  2.501274887E+03  7.808901919E+03  7.806946396E+03
-5.720350284E+03  6.679066125E+03  1.016886039E+02 -7.521988404E+03  2.171226120E+03  1.064522412E+03  1.267580069E+03 -5.808528906E+03 -1.664853684E+03  8.396566746E+02 -1.781355905E+03 -3.628875809E+04  4.007320235E+04 -4.479103764E+03  6.679050131E+03 -1.233785779E+04 -5.591122335E+02  9.183203144E+03 -3.737036027E+03  9.834817014E+03 -8.784049830E+02  1.439027066E+03  3.524213664E+03  5.275328510E+03  2.777399518E+03 -1.477740201E+03 -1.736048663E+03 -2.227366257E+02  5.389927631E+02  1.236156943E+04 -2.137528925E+00 -5.808528906E+03  2.091199246E+02 -4.341725218E+02  3.007041065E+03  2.028251432E+03 -3.450054056E+03 -8.927653066E+02  7.053421218E+02  1.918879033E+03 -1.724056678E+03  2.313754942E+03  7.517691134E+02 -7.103154337E+02 -1.239524180E+03 -3.992132425E+03 -1.229621311E+04  6.265972749E+03  2.593789250E+03 -3.593328064E+03 -3.057099664E+03 -1.774799585E+04  4.312393182E+03  1.685373630E+03 -1.581226252E+03 -3.311794129E+02 -1.706150683E+03
-6.679091598E+03 -4.955176625E+03 -1.261895533E+03 -2.175091255E+03 -1.792539503E+03 -1.236164171E+04 -5.808697086E+03  2.137528925E+00 -2.073862836E+02 -3.007223810E+03  4.341693710E+02  5.209259304E+04 -4.479103764E+03  2.542004100E+04 -2.675749105E+03 -7.291789191E+02  9.088113565E+03 -1.702969881E+04  9.834720184E+03 -3.737036027E+03  8.766390310E+02 -3.522422529E+03 -8.641942814E+02  1.417129366E+04  1.477822887E+03 -1.190944094E+04  3.190507077E+02 -1.446513653E+03  7.286555160E+03  6.781598746E+03 -5.808697086E+03 -1.267580069E+03  1.664863528E+03  1.779644805E+03  2.223751619E+01 -3.450120851E+03  3.396098439E+03  1.273259895E+03 -1.654391558E+03 -1.609843697E+03  2.313747457E+03 -1.724069529E+03 -7.517667980E+02  1.239519482E+03  7.103205089E+02 -3.426350095E+04  2.415256845E+03 -1.369021604E+03 -1.260796834E+03  7.826343883E+02 -1.400486016E+03  1.774837402E+04  1.685839878E+03  4.312793196E+03  1.581435817E+03  1.706588519E+03  3.309245347E+02
 1.016871221E+02  1.261926759E+03 -1.108578459E+02 -6.569384582E+02  5.495462967E+02  4.406857085E+03  1.664863528E+03 -2.091199246E+02 -2.789227520E-01  6.840721952E+02 -2.549868061E+02 -4.479103764E+03  6.679050131E+03 -2.675749105E+03  2.312819368E+03 -1.721053360E+03 -7.399296271E+02 -3.503288800E+03 -8.766390310E+02  8.784049830E+02 -2.412604052E+02  6.594040127E+02  6.594086130E+02  7.881666699E+02  1.736023521E+03  3.190455215E+02 -9.902471187E+02 -1.847457775E+02 -3.044885294E+02  4.406900344E+03  2.073862836E+02 -1.664853684E+03  2.789227520E-01 -2.549928266E+02  6.840583570E+02  8.927247480E+02 -1.273173724E+03 -3.293002097E+02  3.066937405E+02  6.304360434E+02 -7.517257599E+02  7.517360379E+02  2.619214994E+02 -3.317317229E+02 -3.317381648E+02 -5.744063333E+03 -5.692192842E+03  2.997545575E+03  6.689589245E+02 -2.008300323E+03 -1.155282053E+03 -3.364910677E+03  1.069741519E+03 -1.069776472E+03 -3.096812502E+02 -6.234998296E+01 -6.230372113E+01
 7.521575304E+03 -2.175102163E+03  6.568892156E+02  5.333594242E+03 -8.631766822E+02  8.407387889E+02 -2.223751619E+01  3.007041065E+03  6.840583570E+02 -8.686520129E+01  9.339956484E+02  2.726641631E+03 -1.233785779E+04 -7.291789191E+02 -1.721053360E+03  6.147537942E+03 -5.052907578E+02 -1.963352890E+03  8.641942814E+02 -3.524213664E+03  6.594086130E+02 -3.688108433E+02 -1.185175343E+03 -3.231735226E+03 -2.227241826E+02  1.446499101E+03  1.847525326E+02  6.908761602E+01 -7.731633521E+02 -3.763913158E+03  4.341693710E+02  1.781355905E+03 -2.549868061E+02  4.775644722E-04 -9.339956484E+02 -7.053294139E+02  1.654293035E+03  3.067021542E+02 -1.724713702E+02 -9.356696108E+02  7.102867902E+02 -1.239481863E+03 -3.317404456E+02  2.312130163E+02  6.890780222E+02  8.913819217E+03  3.523000696E+03 -4.802348952E+03 -4.871173339E+02  5.258481921E+02  2.549696274E+03  2.429118422E+03 -3.372995836E+03  1.079447213E+02  8.258215364E+02 -2.107405991E+01  2.011322141E+02
-2.171191868E+03 -1.792535948E+03 -5.495204067E+02 -8.631490364E+02 -6.765878002E+02 -3.759638101E+03 -1.779644805E+03 -4.341725218E+02 -2.549928266E+02 -9.332462464E+02 -4.775644722E-04  1.474959508E+04 -5.591122335E+02  9.088113565E+03 -7.399296271E+02 -5.052907578E+02  4.227609140E+03 -5.510719165E+03  3.522422529E+03 -1.439027066E+03  6.594040127E+02 -1.183578863E+03 -3.688108433E+02  1.043432692E+04  5.390698177E+02 -7.286661046E+03  3.044992047E+02 -7.731862592E+02  3.928473245E+03  4.383732570E+03 -3.007223810E+03 -8.396566746E+02  6.840721952E+02  9.332462464E+02  8.686520129E+01 -1.918862180E+03  1.609803344E+03  6.304618459E+02 -9.356973060E+02 -6.887113982E+02  1.239481379E+03 -7.103000306E+02 -3.317400669E+02  6.890761107E+02  2.312180543E+02 -1.408315855E+04  1.424732064E+03 -1.148056145E+03 -2.720689724E+02  6.606853708E+02 -8.954045693E+02  2.429200968E+03 -1.078900715E+02  3.373101605E+03  8.259164288E+02  2.012012735E+02 -2.109962561E+01
 1.064345832E+03  1.236141430E+04  4.406795265E+03 -8.408153403E+02  3.759574057E+03  8.564241183E+03  1.417129366E+04 -5.275328510E+03 -7.881666699E+02  1.043432692E+04 -3.231735226E+03 -9.932327795E+04  9.183203144E+03 -1.702969881E+04 -3.503288800E+03 -1.963352890E+03 -5.510719165E+03  2.493326557E+05 -5.209259304E+04  3.628875809E+04 -4.479103764E+03  1.474959508E+04  2.726641631E+03 -9.613741884E+03 -1.236186990E+04  6.781442751E+03  4.406948287E+03  3.763982880E+03 -4.383677324E+03 -1.253420121E+05  2.369409440E+04  2.805814205E+04 -6.482027067E+03 -6.672063161E+03 -5.175296185E+03  4.861389228E+03 -4.861380014E+03 -1.945721040E+03  2.457577993E+03  2.457577096E+03 -8.306663858E+03  6.947242705E+03  2.953326676E+03 -4.429035513E+03 -3.233636606E+03  8.824094904E+04  8.760015217E+03 -8.762384257E+03  2.501274887E+03  7.806946396E+03  7.808901919E+03 -1.148543509E+05 -1.114064544E+04 -3.148466710E+02 -3.147102546E+03 -7.565679752E+03 -2.182048427E+03
-1.267486649E+03 -5.808520113E+03 -1.664831022E+03 -2.218226977E+01 -1.779604200E+03 -1.417154566E+04 -1.190944094E+04  1.477740201E+03 -3.190455215E+02 -7.286661046E+03  1.446499101E+03  1.702969881E+04 -3.737036027E+03  9.834720184E+03 -8.766390310E+02  8.641942814E+02  3.522422529E+03 -5.209259304E+04  2.542004100E+04 -4.479103764E+03  2.675749105E+03 -9.088113565E+03  7.291789191E+02  1.236141430E+04  2.204411597E+00 -5.808520113E+03  2.073577817E+02 -4.341848776E+02  3.007074845E+03  2.369408883E+04 -4.955176625E+03 -6.679066125E+03  1.261926759E+03  1.792535948E+03  2.175102163E+03 -1.724069529E+03  2.313747457E+03  7.517667980E+02 -7.103205089E+02 -1.239519482E+03  3.396098439E+03 -3.450120851E+03 -1.273259895E+03  1.609843697E+03  1.654391558E+03 -1.774837402E+04  4.312793196E+03  1.685839878E+03 -1.581435817E+03 -3.309245347E+02 -1.706588519E+03  3.426350095E+04 -1.369021604E+03  2.415256845E+03  1.260796834E+03  1.400486016E+03 -7.826343883E+02
-5.808792815E+03 -2.204411597E+00 -2.091671935E+02 -3.007271799E+03  4.341548961E+02 -5.275348023E+03 -1.477822887E+03  2.777399518E+03  1.736023521E+03 -5.390698177E+02  2.227241826E+02 -9.183203144E+03  9.834817014E+03 -3.737036027E+03  8.784049830E+02 -3.524213664E+03 -1.439027066E+03  3.628875809E+04 -4.479103764E+03  4.007320235E+04 -6.679050131E+03  5.591122335E+02  1.233785779E+04 -1.064345832E+03 -5.808792815E+03  1.267486649E+03  1.664889926E+03  1.781418116E+03 -8.396147968E+02 -2.805877660E+04  6.679091598E+03 -5.720350284E+03 -1.016871221E+02 -2.171191868E+03  7.521575304E+03  2.313754942E+03 -1.724056678E+03 -7.517691134E+02  1.239524180E+03  7.103154337E+02 -3.450054056E+03  2.028251432E+03  8.927653066E+02 -1.918879033E+03 -7.053421218E+02  1.774799585E+04  1.685373630E+03  4.312393182E+03  1.581226252E+03  1.706150683E+03  3.311794129E+02  3.992132425E+03  6.265972749E+03 -1.229621311E+04 -2.593789250E+03  3.057099664E+03  3.593328064E+03
 1.664889926E+03 -2.073577817E+02  2.916040243E-01  6.840811764E+02 -2.549858886E+02  7.881034960E+02 -3.190507077E+02 -1.736048663E+03 -9.902471187E+02 -3.044992047E+02 -1.847525326E+02 -3.503288800E+03 -8.784049830E+02  8.766390310E+02 -2.412604052E+02  6.594086130E+02  6.594040127E+02 -4.479103764E+03  2.675749105E+03 -6.679050131E+03  2.312819368E+03 -7.399296271E+02 -1.721053360E+03  4.406795265E+03  2.091671935E+02 -1.664831022E+03 -2.916040243E-01 -2.550004555E+02  6.840548087E+02  6.482046964E+03 -1.261895533E+03 -1.016886039E+02 -1.108578459E+02  5.495204067E+02 -6.568892156E+02 -7.517360379E+02  7.517257599E+02  2.619214994E+02 -3.317381648E+02 -3.317317229E+02  1.273173724E+03 -8.927247480E+02 -3.293002097E+02  6.304360434E+02  3.066937405E+02 -3.364910677E+03  1.069776472E+03 -1.069741519E+03 -3.096812502E+02 -6.230372113E+01 -6.234998296E+01 -5.744063333E+03 -2.997545575E+03  5.692192842E+03  6.689589245E+02 -1.155282053E+03 -2.008300323E+03
 8.396147968E+02  3.007074845E+03  6.840548087E+02  8.682939054E+01  9.332142434E+02  1.043444648E+04  7.286555160E+03 -5.389927631E+02  3.044885294E+02  3.928473245E+03 -7.731633521E+02 -5.510719165E+03  1.439027066E+03 -3.522422529E+03  6.594040127E+02 -3.688108433E+02 -1.183578863E+03  1.474959508E+04 -9.088113565E+03  5.591122335E+02 -7.399296271E+02  4.227609140E+03 -5.052907578E+02 -3.759574057E+03  4.341548961E+02  1.779604200E+03 -2.549858886E+02  3.886776123E-03 -9.332142434E+02 -6.672072266E+03  1.792539503E+03  2.171226120E+03 -5.495462967E+02 -6.765878002E+02 -8.631766822E+02  7.103000306E+02 -1.239481379E+03 -3.317400669E+02  2.312180543E+02  6.890761107E+02 -1.609803344E+03  1.918862180E+03  6.304618459E+02 -6.887113982E+02 -9.356973060E+02  2.429200968E+03 -3.373101605E+03  1.078900715E+02  8.259164288E+02 -2.109962561E+01  2.012012735E+02 -1.408315855E+04  1.148056145E+03 -1.424732064E+03 -2.720689724E+02 -8.954045693E+02  6.606853708E+02
-1.781418116E+03 -4.341848776E+02 -2.550004555E+02 -9.340499158E+02 -3.886776123E-03 -3.231703359E+03 -1.446513653E+03  2.227366257E+02  1.847457775E+02 -7.731862592E+02  6.908761602E+01 -1.963352890E+03  3.524213664E+03 -8.641942814E+02  6.594086130E+02 -1.185175343E+03 -3.688108433E+02  2.726641631E+03  7.291789191E+02  1.233785779E+04 -1.721053360E+03 -5.052907578E+02  6.147537942E+03  8.408153403E+02 -3.007271799E+03  2.218226977E+01  6.840811764E+02  9.340499158E+02 -8.682939054E+01 -5.175467171E+03  2.175091255E+03 -7.521988404E+03  6.569384582E+02 -8.631490364E+02  5.333594242E+03  1.239481863E+03 -7.102867902E+02 -3.317404456E+02  6.890780222E+02  2.312130163E+02 -1.654293035E+03  7.053294139E+02  3.067021542E+02 -9.356696108E+02 -1.724713702E+02  2.429118422E+03 -1.079447213E+02  3.372995836E+03  8.258215364E+02  2.011322141E+02 -2.107405991E+01  8.913819217E+03  4.802348952E+03 -3.523000696E+03 -4.871173339E+02  2.549696274E+03  5.258481921E+02
-6.946785405E+03 -8.306296915E+03 -2.952953463E+03 -3.233258450E+03 -4.428691184E+03 -1.108198240E+04 -4.861140338E+03 -4.861122554E+03 -1.945496131E+03 -2.457359685E+03 -2.457332286E+03  8.564241183E+03  5.275328510E+03  1.417129366E+04  7.881666699E+02 -3.231735226E+03  1.043432692E+04 -9.613741884E+03  1.236141430E+04 -1.064345832E+03  4.406795265E+03 -3.759574057E+03  8.408153403E+02  2.493326557E+05 -3.628875809E+04 -5.209259304E+04  4.479103764E+03  2.726641631E+03  1.474959508E+04  9.932327795E+04 -1.702969881E+04 -9.183203144E+03 -3.503288800E+03  5.510719165E+03  1.963352890E+03 -2.805814205E+04  2.369409440E+04  6.482027067E+03 -5.175296185E+03 -6.672063161E+03  6.781442751E+03  1.236186990E+04  4.406948287E+03  4.383677324E+03 -3.763982880E+03 -1.148543509E+05  3.148466710E+02 -1.114064544E+04  3.147102546E+03 -2.182048427E+03 -7.565679752E+03 -8.824094904E+04 -8.762384257E+03 -8.760015217E+03  2.501274887E+03 -7.808901919E+03 -7.806946396E+03
 2.028251432E+03  3.450120851E+03  8.927247480E+02  7.053294139E+02  1.918862180E+03  4.861389228E+03  1.724069529E+03  2.313754942E+03  7.517360379E+02  7.103000306E+02  1.239481863E+03  5.275348023E+03  2.777399518E+03  1.477822887E+03  1.736023521E+03 -2.227241826E+02  5.390698177E+02 -1.236186990E+04  2.204411597E+00 -5.808792815E+03  2.091671935E+02  4.341548961E+02 -3.007271799E+03 -3.628875809E+04  4.007320235E+04  4.479103764E+03 -6.679050131E+03 -1.233785779E+04 -5.591122335E+02 -9.183203144E+03  3.737036027E+03  9.834817014E+03 -8.784049830E+02 -1.439027066E+03 -3.524213664E+03 -5.720350284E+03 -6.679091598E+03 -1.016871221E+02 -7.521575304E+03  2.171191868E+03 -1.267486649E+03 -5.808792815E+03 -1.664889926E+03 -8.396147968E+02  1.781418116E+03 -3.992132425E+03 -1.229621311E+04 -6.265972749E+03 -2.593789250E+03 -3.593328064E+03 -3.057099664E+03  1.774799585E+04 -4.312393182E+03  1.685373630E+03 -1.581226252E+03  3.311794129E+02  1.706150683E+03
 3.450054056E+03  3.396098439E+03  1.273173724E+03  1.654293035E+03  1.609803344E+03  4.861380014E+03  2.313747457E+03  1.724056678E+03  7.517257599E+02  1.239481379E+03  7.102867902E+02 -1.417154566E+04 -1.477740201E+03 -1.190944094E+04  3.190455215E+02  1.446499101E+03 -7.286661046E+03  6.781442751E+03 -5.808520113E+03  1.267486649E+03 -1.664831022E+03  1.779604200E+03  2.218226977E+01 -5.209259304E+04  4.479103764E+03  2.542004100E+04 -2.675749105E+03  7.291789191E+02 -9.088113565E+03 -1.702969881E+04  9.834720184E+03  3.737036027E+03 -8.766390310E+02 -3.522422529E+03 -8.641942814E+02  6.679066125E+03 -4.955176625E+03 -1.261926759E+03  2.175102163E+03  1.792535948E+03 -5.808520113E+03 -2.204411597E+00  2.073577817E+02 -3.007074845E+03  4.341848776E+02  3.426350095E+04 -2.415256845E+03 -1.369021604E+03 -1.260796834E+03 -7.826343883E+02  1.400486016E+03  1.774837402E+04  1.685839878E+03 -4.312793196E+03 -1.581435817E+03  1.706588519E+03  3.309245347E+02
-8.927653066E+02 -1.273259895E+03 -3.293002097E+02 -3.067021542E+02 -6.304618459E+02 -1.945721040E+03 -7.517667980E+02 -7.517691134E+02 -2.619214994E+02 -3.317400669E+02 -3.317404456E+02 -7.881034960E+02 -1.736048663E+03  3.190507077E+02 -9.902471187E+02  1.847525326E+02  3.044992047E+02  4.406948287E+03  2.073577817E+02  1.664889926E+03 -2.916040243E-01 -2.549858886E+02  6.840811764E+02  4.479103764E+03 -6.679050131E+03 -2.675749105E+03  2.312819368E+03  1.721053360E+03  7.399296271E+02 -3.503288800E+03 -8.766390310E+02 -8.784049830E+02  2.412604052E+02  6.594040127E+02  6.594086130E+02 -1.016886039E+02  1.261895533E+03 -1.108578459E+02  6.568892156E+02 -5.495204067E+02  1.664831022E+03  2.091671935E+02  2.916040243E-01  6.840548087E+02 -2.550004555E+02  5.744063333E+03  5.692192842E+03  2.997545575E+03  6.689589245E+02  2.008300323E+03  1.155282053E+03 -3.364910677E+03  1.069741519E+03  1.069776472E+03  3.096812502E+02 -6.234998296E+01 -6.230372113E+01
-7.053421218E+02 -1.654391558E+03 -3.066937405E+02 -1.724713702E+02 -9.356973060E+02 -2.457577993E+03 -7.103205089E+02 -1.239524180E+03 -3.317381648E+02 -2.312180543E+02 -6.890780222E+02 -3.231703359E+03 -2.227366257E+02 -1.446513653E+03 -1.847457775E+02  6.908761602E+01 -7.731862592E+02  3.763982880E+03 -4.341848776E+02  1.781418116E+03 -2.550004555E+02  3.886776123E-03  9.340499158E+02  2.726641631E+03 -1.233785779E+04  7.291789191E+02  1.721053360E+03  6.147537942E+03 -5.052907578E+02  1.963352890E+03 -8.641942814E+02 -3.524213664E+03  6.594086130E+02  3.688108433E+02  1.185175343E+03  7.521988404E+03  2.175091255E+03 -6.569384582E+02  5.333594242E+03 -8.631490364E+02  2.218226977E+01  3.007271799E+03  6.840811764E+02  8.682939054E+01 -9.340499158E+02  8.913819217E+03  3.523000696E+03  4.802348952E+03  4.871173339E+02  5.258481921E+02  2.549696274E+03 -2.429118422E+03  3.372995836E+03  1.079447213E+02  8.258215364E+02  2.107405991E+01 -2.011322141E+02
-1.918879033E+03 -1.609843697E+03 -6.304360434E+02 -9.356696108E+02 -6.887113982E+02 -2.457577096E+03 -1.239519482E+03 -7.103154337E+02 -3.317317229E+02 -6.890761107E+02 -2.312130163E+02  1.043444648E+04  5.389927631E+02  7.286555160E+03 -3.044885294E+02 -7.731633521E+02  3.928473245E+03 -4.383677324E+03  3.007074845E+03 -8.396147968E+02  6.840548087E+02 -9.332142434E+02 -8.682939054E+01  1.474959508E+04 -5.591122335E+02 -9.088113565E+03  7.399296271E+02 -5.052907578E+02  4.227609140E+03  5.510719165E+03 -3.522422529E+03 -1.439027066E+03  6.594040127E+02  1.183578863E+03  3.688108433E+02 -2.171226120E+03  1.792539503E+03  5.495462967E+02 -8.631766822E+02 -6.765878002E+02  1.779604200E+03 -4.341548961E+02 -2.549858886E+02  9.332142434E+02 -3.886776123E-03 -1.408315855E+04  1.424732064E+03  1.148056145E+03  2.720689724E+02  6.606853708E+02 -8.954045693E+02 -2.429200968E+03  1.078900715E+02  3.373101605E+03  8.259164288E+02 -2.012012735E+02  2.109962561E+01
-4.861122554E+03 -4.861140338E+03 -1.945496131E+03 -2.457332286E+03 -2.457359685E+03 -1.770053384E+04 -8.306296915E+03 -6.946785405E+03 -2.952953463E+03 -4.428691184E+03 -3.233258450E+03  9.614088396E+03  1.236156943E+04  6.781598746E+03  4.406900344E+03 -3.763913158E+03  4.383732570E+03 -1.253420121E+05  2.369408883E+04 -2.805877660E+04  6.482046964E+03 -6.672072266E+03 -5.175467171E+03  9.932327795E+04 -9.183203144E+03 -1.702969881E+04 -3.503288800E+03  1.963352890E+03  5.510719165E+03  2.493326557E+05 -5.209259304E+04 -3.628875809E+04  4.479103764E+03  1.474959508E+04  2.726641631E+03 -1.064522412E+03  1.236164171E+04  4.406857085E+03  8.407387889E+02 -3.759638101E+03  1.417154566E+04  5.275348023E+03  7.881034960E+02  1.043444648E+04 -3.231703359E+03 -8.824094904E+04 -8.760015217E+03 -8.762384257E+03  2.501274887E+03 -7.806946396E+03 -7.808901919E+03 -1.148543509E+05 -1.114064544E+04  3.148466710E+02  3.147102546E+03 -7.565679752E+03 -2.182048427E+03
 1.724056678E+03  2.313747457E+03  7.517257599E+02  7.102867902E+02  1.239481379E+03  8.306663858E+03  3.396098439E+03  3.450054056E+03  1.273173724E+03  1.609803344E+03  1.654293035E+03 -1.236164171E+04 -2.137528925E+00 -5.808697086E+03  2.073862836E+02  4.341693710E+02 -3.007223810E+03  2.369409440E+04 -4.955176625E+03  6.679091598E+03 -1.261895533E+03  1.792539503E+03  2.175091255E+03 -1.702969881E+04  3.737036027E+03  9.834720184E+03 -8.766390310E+02 -8.641942814E+02 -3.522422529E+03 -5.209259304E+04  2.542004100E+04  4.479103764E+03 -2.675749105E+03 -9.088113565E+03  7.291789191E+02  1.267580069E+03 -5.808697086E+03 -1.664863528E+03  2.223751619E+01  1.779644805E+03 -1.190944094E+04 -1.477822887E+03  3.190507077E+02 -7.286555160E+03  1.446513653E+03  1.774837402E+04 -4.312793196E+03  1.685839878E+03 -1.581435817E+03  3.309245347E+02  1.706588519E+03  3.426350095E+04 -1.369021604E+03 -2.415256845E+03 -1.260796834E+03  1.400486016E+03 -7.826343883E+02
 2.313754942E+03  1.724069529E+03  7.517360379E+02  1.239481863E+03  7.103000306E+02  6.947242705E+03  3.450120851E+03  2.028251432E+03  8.927247480E+02  1.918862180E+03  7.053294139E+02 -1.064522412E+03 -5.808528906E+03 -1.267580069E+03 -1.664853684E+03  1.781355905E+03 -8.396566746E+02  2.805814205E+04 -6.679066125E+03 -5.720350284E+03 -1.016886039E+02  2.171226120E+03 -7.521988404E+03 -9.183203144E+03  9.834817014E+03  3.737036027E+03 -8.784049830E+02 -3.524213664E+03 -1.439027066E+03 -3.628875809E+04  4.479103764E+03  4.007320235E+04 -6.679050131E+03 -5.591122335E+02 -1.233785779E+04 -5.808528906E+03  2.137528925E+00  2.091199246E+02 -3.007041065E+03  4.341725218E+02  1.477740201E+03  2.777399518E+03  1.736048663E+03  5.389927631E+02 -2.227366257E+02  1.774799585E+04  1.685373630E+03 -4.312393182E+03 -1.581226252E+03  1.706150683E+03  3.311794129E+02 -3.992132425E+03 -6.265972749E+03 -1.229621311E+04 -2.593789250E+03 -3.057099664E+03 -3.593328064E+03
-7.517691134E+02 -7.517667980E+02 -2.619214994E+02 -3.317404456E+02 -3.317400669E+02 -2.953326676E+03 -1.273259895E+03 -8.927653066E+02 -3.293002097E+02 -6.304618459E+02 -3.067021542E+02  4.406857085E+03  2.091199246E+02  1.664863528E+03  2.789227520E-01 -2.549868061E+02  6.840721952E+02 -6.482027067E+03  1.261926759E+03 -1.016871221E+02 -1.108578459E+02 -5.495462967E+02  6.569384582E+02 -3.503288800E+03 -8.784049830E+02 -8.766390310E+02  2.412604052E+02  6.594086130E+02  6.594040127E+02  4.479103764E+03 -2.675749105E+03 -6.679050131E+03  2.312819368E+03  7.399296271E+02  1.721053360E+03  1.664853684E+03  2.073862836E+02 -2.789227520E-01  6.840583570E+02 -2.549928266E+02  3.190455215E+02 -1.736023521E+03 -9.902471187E+02  3.044885294E+02  1.847457775E+02 -3.364910677E+03  1.069776472E+03  1.069741519E+03  3.096812502E+02 -6.230372113E+01 -6.234998296E+01  5.744063333E+03  2.997545575E+03  5.692192842E+03  6.689589245E+02  1.155282053E+03  2.008300323E+03
-7.103154337E+02 -1.239519482E+03 -3.317317229E+02 -2.312130163E+02 -6.890761107E+02 -4.429035513E+03 -1.609843697E+03 -1.918879033E+03 -6.304360434E+02 -6.887113982E+02 -9.356696108E+02  3.759638101E+03 -4.341725218E+02  1.779644805E+03 -2.549928266E+02  4.775644722E-04  9.332462464E+02 -6.672063161E+03  1.792535948E+03 -2.171191868E+03  5.495204067E+02 -6.765878002E+02 -8.631490364E+02  5.510719165E+03 -1.439027066E+03 -3.522422529E+03  6.594040127E+02  3.688108433E+02  1.183578863E+03  1.474959508E+04 -9.088113565E+03 -5.591122335E+02  7.399296271E+02  4.227609140E+03 -5.052907578E+02 -8.396566746E+02  3.007223810E+03  6.840721952E+02 -8.686520129E+01 -9.332462464E+02  7.286661046E+03  5.390698177E+02 -3.044992047E+02  3.928473245E+03 -7.731862592E+02 -2.429200968E+03  3.373101605E+03  1.078900715E+02  8.259164288E+02  2.109962561E+01 -2.012012735E+02 -1.408315855E+04  1.148056145E+03  1.424732064E+03  2.720689724E+02 -8.954045693E+02  6.606853708E+02
-1.239524180E+03 -7.103205089E+02 -3.317381648E+02 -6.890780222E+02 -2.312180543E+02 -3.233636606E+03 -1.654391558E+03 -7.053421218E+02 -3.066937405E+02 -9.356973060E+02 -1.724713702E+02 -8.407387889E+02  3.007041065E+03  2.223751619E+01  6.840583570E+02 -9.339956484E+02  8.686520129E+01 -5.175296185E+03  2.175102163E+03  7.521575304E+03 -6.568892156E+02 -8.631766822E+02  5.333594242E+03  1.963352890E+03 -3.524213664E+03 -8.641942814E+02  6.594086130E+02  1.185175343E+03  3.688108433E+02  2.726641631E+03  7.291789191E+02 -1.233785779E+04  1.721053360E+03 -5.052907578E+02  6.147537942E+03  1.781355905E+03 -4.341693710E+02 -2.549868061E+02  9.339956484E+02 -4.775644722E-04 -1.446499101E+03 -2.227241826E+02 -1.847525326E+02 -7.731633521E+02  6.908761602E+01 -2.429118422E+03  1.079447213E+02  3.372995836E+03  8.258215364E+02 -2.011322141E+02  2.107405991E+01  8.913819217E+03  4.802348952E+03  3.523000696E+03  4.871173339E+02  2.549696274E+03  5.258481921E+02
 2.777399518E+03 -1.477822887E+03  1.736023521E+03  2.227241826E+02 -5.390698177E+02 -1.236186990E+04 -2.204411597E+00 -5.808792815E+03 -2.091671935E+02  4.341548961E+02 -3.007271799E+03 -6.947242705E+03  2.028251432E+03 -3.450120851E+03  8.927247480E+02 -7.053294139E+02 -1.918862180E+03  4.861389228E+03 -1.724069529E+03  2.313754942E+03 -7.517360379E+02  7.103000306E+02  1.239481863E+03 -2.805814205E+04 -5.720350284E+03  6.679066125E+03 -1.016886039E+02  7.521988404E+03 -2.171226120E+03 -1.064522412E+03  1.267580069E+03 -5.808528906E+03  1.664853684E+03 -8.396566746E+02  1.781355905E+03  4.007320235E+04 -4.479103764E+03 -6.679050131E+03  1.233785779E+04  5.591122335E+02 -3.737036027E+03  9.834817014E+03  8.784049830E+02 -1.439027066E+03 -3.524213664E+03  3.992132425E+03 -1.229621311E+04  6.265972749E+03 -2.593789250E+03  3.593328064E+03  3.057099664E+03  1.774799585E+04  4.312393182E+03  1.685373630E+03  1.581226252E+03  3.311794129E+02  1.706150683E+03
 1.477740201E+03 -1.190944094E+04 -3.190455215E+02  1.446499101E+03 -7.286661046E+03 -6.781442751E+03 -5.808520113E+03 -1.267486649E+03 -1.664831022E+03 -1.779604200E+03 -2.218226977E+01  8.306663858E+03 -3.450054056E+03  3.396098439E+03 -1.273173724E+03  1.654293035E+03  1.609803344E+03 -4.861380014E+03  2.313747457E+03 -1.724056678E+03  7.517257599E+02 -1.239481379E+03 -7.102867902E+02  2.369409440E+04 -6.679091598E+03 -4.955176625E+03  1.261895533E+03  2.175091255E+03  1.792539503E+03  1.236164171E+04 -5.808697086E+03  2.137528925E+00  2.073862836E+02  3.007223810E+03 -4.341693710E+02 -4.479103764E+03  2.542004100E+04  2.675749105E+03  7.291789191E+02 -9.088113565E+03  9.834720184E+03 -3.737036027E+03 -8.766390310E+02  3.522422529E+03  8.641942814E+02  3.426350095E+04  2.415256845E+03 -1.369021604E+03  1.260796834E+03 -7.826343883E+02  1.400486016E+03 -1.774837402E+04  1.685839878E+03  4.312793196E+03 -1.581435817E+03 -1.706588519E+03 -3.309245347E+02
-1.736048663E+03 -3.190507077E+02 -9.902471187E+02 -1.847525326E+02 -3.044992047E+02  4.406948287E+03 -2.073577817E+02  1.664889926E+03  2.916040243E-01 -2.549858886E+02  6.840811764E+02  2.953326676E+03 -8.927653066E+02  1.273259895E+03 -3.293002097E+02  3.067021542E+02  6.304618459E+02 -1.945721040E+03  7.517667980E+02 -7.517691134E+02  2.619214994E+02 -3.317400669E+02 -3.317404456E+02  6.482027067E+03 -1.016871221E+02 -1.261926759E+03 -1.108578459E+02 -6.569384582E+02  5.495462967E+02  4.406857085E+03 -1.664863528E+03  2.091199246E+02 -2.789227520E-01  6.840721952E+02 -2.549868061E+02 -6.679050131E+03  2.675749105E+03  2.312819368E+03 -1.721053360E+03 -7.399296271E+02  8.766390310E+02 -8.784049830E+02 -2.412604052E+02  6.594040127E+02  6.594086130E+02 -5.744063333E+03  5.692192842E+03 -2.997545575E+03  6.689589245E+02 -2.008300323E+03 -1.155282053E+03 -3.364910677E+03 -1.069741519E+03  1.069776472E+03 -3.096812502E+02 -6.234998296E+01 -6.230372113E+01
 2.227366257E+02 -1.446513653E+03  1.847457775E+02  6.908761602E+01 -7.731862592E+02 -3.763982880E+03 -4.341848776E+02 -1.781418116E+03 -2.550004555E+02 -3.886776123E-03 -9.340499158E+02 -3.233636606E+03  7.053421218E+02 -1.654391558E+03  3.066937405E+02 -1.724713702E+02 -9.356973060E+02  2.457577993E+03 -7.103205089E+02  1.239524180E+03 -3.317381648E+02  2.312180543E+02  6.890780222E+02 -5.175296185E+03 -7.521575304E+03  2.175102163E+03  6.568892156E+02  5.333594242E+03 -8.631766822E+02  8.407387889E+02  2.223751619E+01 -3.007041065E+03  6.840583570E+02 -8.686520129E+01  9.339956484E+02  1.233785779E+04  7.291789191E+02 -1.721053360E+03  6.147537942E+03 -5.052907578E+02 -8.641942814E+02  3.524213664E+03  6.594086130E+02 -3.688108433E+02 -1.185175343E+03  8.913819217E+03 -3.523000696E+03  4.802348952E+03 -4.871173339E+02  5.258481921E+02  2.549696274E+03  2.429118422E+03  3.372995836E+03 -1.079447213E+02  8.258215364E+02 -2.107405991E+01  2.011322141E+02
-5.389927631E+02  7.286555160E+03  3.044885294E+02 -7.731633521E+02  3.928473245E+03  4.383677324E+03  3.007074845E+03  8.396147968E+02  6.840548087E+02  9.332142434E+02  8.682939054E+01 -4.429035513E+03  1.918879033E+03 -1.609843697E+03  6.304360434E+02 -9.356696108E+02 -6.887113982E+02  2.457577096E+03 -1.239519482E+03  7.103154337E+02 -3.317317229E+02  6.890761107E+02  2.312130163E+02 -6.672063161E+03  2.171191868E+03  1.792535948E+03 -5.495204067E+02 -8.631490364E+02 -6.765878002E+02 -3.759638101E+03  1.779644805E+03  4.341725218E+02 -2.549928266E+02 -9.332462464E+02 -4.775644722E-04  5.591122335E+02 -9.088113565E+03 -7.399296271E+02 -5.052907578E+02  4.227609140E+03 -3.522422529E+03  1.439027066E+03  6.594040127E+02 -1.183578863E+03 -3.688108433E+02 -1.408315855E+04 -1.424732064E+03  1.148056145E+03 -2.720689724E+02  6.606853708E+02 -8.954045693E+02  2.429200968E+03  1.078900715E+02 -3.373101605E+03  8.259164288E+02  2.012012735E+02 -2.109962561E+01
 2.137528925E+00 -5.808697086E+03 -2.073862836E+02  4.341693710E+02 -3.007223810E+03 -2.369409440E+04 -4.955176625E+03 -6.679091598E+03 -1.261895533E+03 -1.792539503E+03 -2.175091255E+03  4.861380014E+03 -1.724056678E+03  2.313747457E+03 -7.517257599E+02  7.102867902E+02  1.239481379E+03 -8.306663858E+03  3.396098439E+03 -3.450054056E+03  1.273173724E+03 -1.609803344E+03 -1.654293035E+03  6.781442751E+03 -1.267486649E+03 -5.808520113E+03  1.664831022E+03  2.218226977E+01  1.779604200E+03  1.417154566E+04 -1.190944094E+04  1.477740201E+03  3.190455215E+02  7.286661046E+03 -1.446499101E+03 -3.737036027E+03  9.834720184E+03  8.766390310E+02 -8.641942814E+02 -3.522422529E+03  2.542004100E+04 -4.479103764E+03 -2.675749105E+03  9.088113565E+03 -7.291789191E+02  1.774837402E+04  4.312793196E+03  1.685839878E+03  1.581435817E+03  3.309245347E+02  1.706588519E+03 -3.426350095E+04 -1.369021604E+03  2.415256845E+03 -1.260796834E+03 -1.400486016E+03  7.826343883E+02
